4 217 488 -173.22
5 1147 274 -339.93
6 1205 354 -146.76
7 126 365 -82.12
8 1354 339 -256.58
9 1281 298 -36.12
13 622 696 -192.05
14 1240 410 -187.05
22 713 633 -269.41
23 1082 360 -2.28
24 193 361 -88.66
25 541 532 -337.98
29 1353 246 -96.48
30 1567 718 -15.88
31 559 289 -303.75
33 1138 461 -335.75
34 840 259 -326.73
40 1521 48 -3.05
41 1229 202 -109.04
42 1379 444 -326.07
44 1238 625 -188.77
54 1125 203 -226.33
55 160 257 -336.58
57 779 337 -357.11
61 1639 80 -320.37
62 1643 30 -63.45
68 474 658 -26.40
70 138 175 -107.23
72 1652 146 -238.68
74 1653 356 -124.83
76 52 398 -73.14
80 486 737 -186.46
81 724 208 -180.93
89 1242 79 -125.68
90 958 285 -260.54
91 1278 441 -357.63
92 652 321 -199.13
95 1048 109 -168.06
108 76 731 -86.61
111 1396 193 -277.95
116 1135 594 -192.81
129 876 722 -101.21
138 1679 459 -264.49
142 956 344 -291.69
143 1350 674 -21.34
145 1304 165 -279.46
156 649 224 -58.18
163 1305 624 -349.20
168 1139 531 -105.47
176 347 360 -69.87
180 578 744 -12.39
185 136 108 -80.68
199 1011 119 -85.18
202 612 324 -90.18
205 1349 614 -359.88
217 714 346 -151.48
221 1033 204 -80.11
222 1113 131 -228.10
229 1463 530 -83.95
233 1398 628 -254.43
246 1074 453 -115.20
249 1295 77 -342.35
262 193 275 -55.73
287 990 209 -302.58
320 214 741 -177.08
