2 6314 1720 -130.33
4 217 487 -173.90
5 1147 274 -339.93
6 1205 354 -146.76
7 127 365 -82.12
8 1353 339 -256.59
9 1281 298 -36.12
13 622 697 -192.03
14 1240 410 -187.05
18 -5868 -5375 -339.25
22 714 633 -269.39
23 1082 360 -2.28
24 193 361 -88.71
25 541 532 -337.96
29 1353 246 -96.48
30 1567 718 -15.88
31 559 289 -303.79
33 1138 461 -335.75
34 841 259 -326.73
40 1521 48 -2.95
41 1227 203 -109.35
42 1379 444 -326.07
44 1238 625 -188.77
54 1125 203 -226.33
55 160 257 -336.58
57 779 337 -357.11
61 1640 80 -320.37
62 1643 30 -63.45
68 474 658 -26.40
70 137 175 -107.42
72 1652 147 -238.68
74 1653 356 -124.80
76 52 399 -73.03
80 486 737 -186.46
81 723 208 -180.73
89 1243 80 -125.48
90 958 286 -260.54
91 1278 441 -357.40
92 651 321 -199.13
95 1049 109 -168.06
96 1457 2006 -202.48
108 76 731 -86.79
111 1397 193 -277.42
113 68 237 -258.17
116 1135 595 -193.06
129 876 722 -101.15
138 1679 460 -264.33
142 956 344 -291.17
143 1350 675 -21.34
145 1303 165 -279.46
156 649 222 -58.11
163 1305 624 -347.79
168 1139 532 -106.12
176 347 359 -68.00
180 577 742 -10.84
185 136 108 -80.93
199 1011 120 -85.18
202 612 324 -90.41
205 1349 613 -359.85
217 715 346 -151.48
221 1035 203 -79.77
222 1113 132 -229.59
229 1463 529 -83.95
231 316 601 -351.50
233 1398 629 -254.43
246 1074 453 -115.20
249 1295 77 -342.40
262 193 275 -55.73
287 991 209 -302.58
320 214 740 -177.10
